image: maze_world.pgm
resolution: 0.050000
origin: [-13.1, -12.525, 0.000000] #[-13.0, -12.525, 0.000000]
negate: 0
occupied_thresh: 0.65
free_thresh: 0.196

